77 79 84 93 78 91 70 98 73
71 68 72 77 76 86 91 93 75
74 66 74 77 77 85 83 97 78
60 63 56 74 72 87 63 78 60
70 73 81 69 77 85 77 83 84
71 69 83 81 79 85 83 95 72
71 72 61 62 87 91 89 87 60
62 65 47 70 81 90 76 93 60
51 42 35 64 78 90 60 90 0
64 60 77 77 78 85 78 83 60
65 61 49 78 76 84 86 87 60
62 60 90 72 67 71 48 88 70
71 66 86 65 74 80 72 89 74
82 78 97 77 79 85 81 89 89
71 79 83 83 77 80 85 97 88
67 64 82 76 84 88 87 95 62
72 46 60 81 77 86 87 90 66
66 60 71 85 77 73 75 66 0
66 60 74 60 79 85 79 83 73
69 79 82 81 81 83 82 82 74
70 69 76 80 83 85 82 85 70
60 68 72 74 75 73 88 87 60
73 71 89 88 82 80 86 90 66
68 72 81 68 79 96 86 82 62
68 61 63 48 74 82 75 98 70
61 91 95 66 81 91 89 95 60
84 66 69 71 80 87 77 100 100
75 72 78 62 82 87 67 100 70
70 70 76 83 72 90 68 90 68
75 75 80 71 79 90 77 90 70
62 74 85 78 76 80 66 80 82
62 51 54 66 79 75 80 93 78
70 88 90 85 76 88 88 85 82
72 86 88 63 84 88 87 87 85
62 73 85 73 77 90 91 84 84
73 91 91 83 76 91 89 86 82
68 76 83 67 71 83 65 87 79
65 73 90 77 82 94 88 88 84
78 80 80 66 80 82 88 81 88
93 49 58 67 76 88 71 82 76
71 59 70 68 77 90 84 83 88
66 79 93 64 79 83 81 84 72
63 42 58 65 75 73 85 85 82
60 84 90 52 86 92 94 86 60
63 65 81 74 71 83 89 89 85
66 61 76 62 72 90 88 81 94
60 60 81 66 76 85 73 87 88
74 42 54 49 66 93 79 85 97
71 60 63 62 75 90 60 84 84
81 85 93 83 76 88 82 83 91
66 60 72 50 70 86 89 82 87
54 74 82 60 72 90 93 81 69
62 51 55 45 73 82 72 80 63
60 77 87 65 76 81 84 83 94
60 51 66 69 80 92 76 82 61
80 51 63 61 71 88 79 90 70
77 51 72 60 78 94 80 95 72
81 87 94 92 89 97 93 90 73
74 79 85 71 81 85 91 100 99
70 79 87 65 78 93 88 95 67
69 60 68 61 76 91 92 90 72
75 65 76 73 75 87 87 100 72
52 44 47 49 61 82 65 84 81
60 51 65 52 80 90 73 85 78
74 90 96 80 82 87 84 87 76
64 69 81 77 76 86 72 94 77
62 54 78 65 71 78 84 86 88
73 72 74 51 86 80 79 90 82
63 34 49 60 77 78 63 89 74
75 65 86 70 73 83 77 87 70
60 51 74 73 81 76 62 86 81
70 48 60 72 75 88 87 84 84
66 60 72 62 73 82 72 83 74
60 48 79 78 75 85 69 82 81
75 67 95 70 86 92 87 81 60
61 54 54 61 79 90 89 80 69
61 49 64 52 67 80 61 87 79
86 85 96 90 84 94 62 86 77
63 46 70 69 82 92 77 93 78
60 74 79 62 80 80 79 85 69
60 49 55 53 73 70 49 84 60
60 69 78 72 74 85 75 83 88
62 57 75 76 82 88 73 82 80
60 70 78 79 72 90 71 85 85
60 28 42 48 76 68 66 87 61
80 43 63 72 78 93 68 85 91
68 48 83 72 76 91 98 100 76
68 73 83 64 79 80 75 90 75
74 79 92 63 79 81 97 100 76
73 64 72 66 85 80 86 90 68
75 69 72 77 79 80 80 100 69
68 45 66 64 81 88 85 100 74
82 72 89 69 87 82 68 81 72
60 54 64 51 70 90 94 88 90
71 65 79 74 83 87 68 83 83
63 70 65 81 73 75 64 82 63
60 51 57 67 78 64 68 85 69
70 62 66 70 73 80 67 92 81
60 62 80 73 75 77 81 87 81
78 73 86 77 87 88 80 88 80
68 67 79 67 84 85 88 85 69
76 77 64 75 84 90 82 80 79
60 70 66 68 70 63 86 80 70
60 75 88 74 80 73 91 85 80
67 61 73 83 69 78 86 90 90
66 68 80 64 67 70 87 90 88
68 55 64 61 81 80 86 80 93
71 61 70 53 75 75 84 85 84
65 66 67 67 73 80 81 80 69
60 40 55 76 74 80 67 90 76
60 66 63 78 76 80 89 90 66
80 86 95 87 84 80 84 85 83
60 83 95 76 73 83 77 85 87
63 72 73 74 71 80 73 90 76
66 55 66 80 73 80 69 80 90
61 57 58 69 76 83 82 95 95
75 67 72 63 74 80 84 90 82
80 77 78 74 80 94 91 100 78
71 65 78 74 76 79 98 100 83
72 75 78 66 68 85 90 90 71
81 85 87 72 80 83 89 95 85
71 68 77 91 67 91 87 90 95
77 63 69 76 82 85 91 85 70
62 75 77 82 85 85 77 85 79
68 63 82 73 76 82 81 90 89
66 67 75 74 64 86 88 80 82
72 40 58 48 79 88 48 90 77
77 89 94 72 88 88 89 90 71
68 53 60 60 78 80 53 80 76
74 73 72 71 82 83 67 85 90
62 68 79 61 66 77 78 80 76
66 66 82 71 81 88 93 85 80
64 66 94 82 70 91 81 90 81
71 84 96 89 79 82 86 90 80
62 56 79 64 79 83 60 85 74
62 60 63 63 84 73 80 85 75
72 61 80 76 69 76 52 85 80
76 31 52 52 71 84 68 90 88
69 45 57 73 86 88 93 90 60
65 45 0 71 73 80 87 90 85
67 78 77 43 75 71 81 90 74
68 45 58 70 85 80 81 85 72
93 61 63 74 77 75 81 90 73
63 68 70 81 80 76 75 85 75
61 40 60 65 76 87 68 85 86
66 51 64 80 72 79 65 85 75
60 46 58 46 76 80 82 90 67
66 44 56 60 84 77 82 100 78
70 27 73 60 69 85 83 90 0
73 60 72 74 78 96 76 85 66
68 71 72 76 74 73 73 95 67
61 60 70 77 74 86 86 95 60
68 61 54 47 86 84 88 90 87
65 51 49 66 85 87 77 90 74
71 72 85 73 82 81 77 85 83
73 65 90 63 81 89 73 90 85
76 76 87 69 79 88 82 85 87
60 43 82 63 68 82 62 90 80
60 60 60 49 73 81 63 80 60
60 33 47 48 68 89 60 80 72
71 72 80 49 79 92 80 90 94
61 60 55 75 73 94 70 85 80
60 82 96 47 77 86 68 85 60
66 75 87 84 78 91 83 85 72
74 70 74 68 77 87 67 90 87
54 51 75 76 86 90 72 85 99
70 72 72 49 83 87 84 90 76
61 66 82 61 73 83 78 90 97
63 60 75 65 73 90 64 85 84
66 71 77 74 75 90 70 90 87
70 83 88 78 72 84 64 80 91
72 92 96 90 84 92 89 90 91
60 51 87 69 77 91 79 90 77
70 78 70 62 81 91 84 85 60
60 70 71 63 77 91 79 71 89
60 48 67 72 77 86 89 80 94
62 53 56 65 73 89 84 65 63
60 65 84 74 78 91 81 70 82
61 78 85 73 70 94 84 82 100
74 44 60 71 81 92 65 65 63
81 60 70 62 82 93 94 95 94
72 49 51 48 80 85 79 100 69
64 60 60 71 72 82 87 95 77
64 60 62 77 79 85 83 90 60
69 64 74 67 79 89 84 100 60
76 68 71 72 77 88 69 75 68
67 87 97 85 80 87 83 85 97
60 74 82 67 83 92 74 83 70
71 75 86 87 88 94 91 79 82
70 67 65 48 84 84 88 80 82
60 49 67 48 81 87 65 71 60
72 60 68 48 83 89 86 73 78
71 74 82 49 78 90 96 93 87
63 67 87 67 81 87 79 71 81
72 49 69 49 86 87 77 83 76
60 53 65 78 74 84 70 80 73
77 79 94 78 84 91 99 79 70
78 86 92 78 89 91 90 83 77
72 75 74 78 77 92 91 70 77
51 40 51 47 66 81 72 75 78
63 60 58 63 76 79 84 65 73
0 70 72 78 75 92 78 89 76
65 56 71 47 69 87 72 65 75
60 54 71 60 76 90 88 81 75
61 81 91 73 75 83 81 70 85
68 48 52 73 80 84 67 70 68
68 83 91 82 85 89 94 81 80
61 51 49 46 67 82 75 65 69
60 76 73 79 85 88 91 91 78
68 70 88 85 78 86 70 93 84
70 68 70 79 89 93 84 85 96
60 39 50 64 70 92 89 93 91
75 74 73 80 82 92 89 95 85
60 81 65 66 76 87 94 85 89
79 77 85 86 87 90 90 90 88
70 64 73 70 84 87 87 90 81
64 72 72 71 80 90 90 85 80
60 54 62 62 76 90 77 95 80
65 72 78 49 79 91 90 97 88
69 71 78 71 82 90 83 73 100
75 51 75 77 75 83 86 65 77
60 51 72 78 77 84 86 91 84
60 80 75 69 79 87 61 92 95
60 42 44 48 64 87 50 96 88
69 60 76 78 82 90 91 81 72
73 74 94 79 84 93 88 76 87
76 85 92 83 88 93 80 83 86
65 85 90 65 73 79 82 93 82
61 33 82 65 76 87 85 92 88
65 72 75 71 84 83 89 93 90
63 64 75 62 80 92 78 87 84
73 62 72 75 84 87 81 70 83
65 51 48 46 72 81 76 90 88
74 71 70 63 71 89 80 99 100
65 70 77 62 79 88 90 93 94
66 48 62 49 81 80 86 85 83
70 89 91 88 87 91 89 79 97
63 78 81 90 87 92 89 89 95
54 68 84 48 71 82 73 72 78
70 76 91 84 82 89 84 83 89
68 73 88 70 80 87 87 98 91
72 77 87 71 86 86 91 93 81
70 69 88 84 78 88 90 95 100
65 74 83 76 79 85 79 90 94
64 80 86 91 79 87 83 90 82
62 74 73 75 82 84 72 80 85
81 60 76 86 85 91 88 95 98
70 90 95 89 87 94 91 100 94
77 64 52 76 85 89 87 100 84
63 82 91 70 83 80 87 95 70
67 66 89 69 90 89 88 90 69
60 66 85 78 77 90 87 90 76
60 71 82 64 80 79 83 85 86
69 60 61 76 83 91 70 90 73
60 52 69 71 86 87 78 85 87
79 80 94 85 82 83 91 85 83
66 64 70 67 82 86 88 85 73
69 79 79 70 85 89 89 85 85
66 38 56 49 85 87 69 90 85
66 60 69 70 75 83 85 90 74
63 71 83 83 80 85 92 90 87
69 68 86 69 78 87 86 85 78
62 79 79 91 78 88 72 85 67
67 76 85 67 83 79 81 85 75
67 72 78 75 84 85 84 85 96
60 71 65 79 84 88 88 90 91
65 60 75 78 85 89 83 85 87
79 73 63 44 75 84 70 90 0
48 43 37 35 77 79 45 85 78
64 48 60 61 85 86 79 90 84
65 87 92 78 82 82 76 85 67
51 68 85 72 84 84 90 85 82
68 69 79 87 82 90 65 85 78
72 82 89 89 82 88 91 85 60
67 67 76 49 81 86 87 90 61
60 64 70 49 82 87 65 85 70
83 61 54 83 80 90 91 85 63
63 61 74 49 80 84 87 85 64
60 39 60 82 80 88 65 85 81
71 53 72 77 82 88 88 100 93
66 63 79 66 82 84 84 92 71
82 76 89 69 83 86 80 100 85
68 68 65 68 84 91 80 80 77
77 80 84 71 76 92 88 85 71
69 64 46 61 76 79 82 90 87
65 64 74 68 80 73 91 85 77
71 86 74 67 81 87 76 85 80
69 72 87 79 78 91 78 90 91
60 69 80 81 77 83 76 85 94
81 82 83 71 86 86 88 85 88
65 60 65 63 84 88 64 85 85
53 46 53 71 77 85 76 85 82
78 53 56 77 80 82 87 85 86
66 92 94 85 86 86 91 85 87
75 80 71 77 84 91 90 90 93
50 74 81 80 80 83 84 90 92
64 55 55 57 80 85 71 90 86
60 67 79 67 80 85 88 85 81
62 51 64 63 74 80 64 85 82
63 61 55 64 77 85 75 90 82
63 69 72 71 82 89 86 85 83
60 52 69 79 74 79 61 85 86
62 62 44 61 81 89 64 90 85
64 60 96 76 88 84 91 85 89
60 60 68 76 84 84 88 85 79
63 55 71 66 82 85 86 85 81
50 54 62 61 70 85 82 85 94
96 55 68 67 87 82 76 75 67
74 50 66 63 75 86 76 100 100
77 80 92 73 89 82 94 90 83
73 67 75 72 87 83 92 95 91
76 74 76 82 85 87 94 100 90
68 69 73 64 80 84 89 95 90
63 63 80 74 81 85 83 85 65
62 54 79 56 79 83 86 85 74
63 68 68 68 88 82 91 85 0
63 73 74 80 76 83 89 90 76
67 70 87 64 75 80 84 90 69
72 81 95 71 78 83 77 85 65
64 82 85 72 81 88 91 85 61
72 85 85 78 86 91 86 85 61
73 60 63 69 77 89 87 90 86
63 84 87 85 86 83 87 85 60
60 63 78 65 80 85 78 85 80
74 69 63 77 81 84 82 85 70
66 52 60 75 79 92 79 80 69
60 57 83 69 80 79 71 85 72
68 63 77 77 77 86 77 90 80
64 60 71 64 82 79 84 75 72
60 77 84 85 84 87 77 85 79
61 56 63 66 75 89 85 85 79
60 61 75 64 82 85 82 90 75
65 64 82 66 72 88 89 85 85
66 63 69 81 78 87 86 80 70
60 48 45 54 85 83 63 85 72
65 57 57 63 77 88 80 80 89
61 62 63 75 74 87 84 70 69
65 76 80 75 80 89 91 85 72
74 48 49 64 81 84 90 85 83
71 86 79 56 82 85 91 90 64
64 76 87 83 76 87 90 100 79
70 55 64 68 72 93 92 98 89
62 43 58 71 84 86 90 92 77
53 35 35 65 76 82 86 90 86
60 70 82 82 80 86 65 85 86
69 66 69 73 83 87 77 85 95
60 73 73 82 79 85 85 85 83
61 53 46 70 75 84 82 90 90
76 45 63 75 84 86 86 85 84
65 65 66 70 80 87 83 80 85
62 68 79 83 78 90 88 80 84
63 91 91 72 83 82 87 85 79
60 64 72 83 72 85 83 90 99
73 56 66 81 81 89 76 85 93
61 60 72 81 84 85 79 80 84
62 84 89 72 78 83 87 90 90
75 78 94 80 83 81 87 80 81
60 74 85 76 82 83 72 80 97
67 39 60 71 71 90 80 90 94
64 36 33 44 74 81 78 65 77
66 31 32 68 81 86 79 80 74
84 69 76 75 78 86 66 80 84
62 47 60 73 75 88 77 80 81
65 70 68 73 85 87 86 80 85
60 78 83 80 80 85 90 80 98
61 57 76 65 80 89 97 85 90
68 74 88 72 83 84 85 85 82
76 85 75 74 85 90 74 100 87
73 49 50 82 84 91 88 100 82
71 86 88 84 84 80 88 100 83
84 82 81 80 86 81 83 92 88
72 60 76 64 84 89 88 98 88
74 72 87 83 80 84 94 100 94
60 25 29 58 60 81 79 75 68
72 69 64 85 67 86 76 80 62
66 41 43 74 71 86 84 80 82
75 74 80 85 79 91 80 85 60
68 71 77 81 79 86 79 80 89
64 69 77 72 79 87 85 80 95
60 61 66 78 77 81 87 80 92
70 90 94 85 76 81 81 85 78
64 77 77 84 70 86 66 80 91
68 78 76 88 79 85 86 80 82
73 80 92 76 74 81 62 80 83
68 66 80 77 73 89 76 80 77
64 52 68 55 72 81 81 85 97
66 75 66 83 72 87 86 85 98
76 51 81 77 75 86 90 80 86
66 39 36 58 74 87 76 65 75
69 46 40 84 79 79 90 75 90
60 35 36 40 63 82 66 80 70
67 50 68 68 80 80 90 80 71
60 48 33 77 75 83 66 75 75
53 34 30 53 70 81 67 75 95
51 37 33 53 67 86 68 80 75
66 75 87 85 78 85 62 80 74
60 53 70 81 69 81 75 90 92
74 81 86 80 85 85 89 100 85
65 68 61 73 76 85 88 98 90
72 63 79 62 72 82 85 95 61
65 65 66 64 75 88 91 96 61
66 69 73 67 72 83 68 100 76
69 71 86 77 68 86 91 100 79
66 66 79 78 70 89 91 100 90
64 75 86 75 73 83 86 85 65
74 66 83 70 75 86 78 85 90
67 57 73 53 81 85 70 80 80
62 49 58 72 78 80 79 80 75
63 70 70 85 84 86 80 75 65
60 37 48 57 86 84 84 73 65
65 64 75 64 84 88 91 80 85
75 69 84 71 76 80 90 89 80
71 65 76 78 76 82 88 78 85
62 65 63 77 79 90 90 85 90
76 76 89 80 77 78 82 80 85
66 81 86 71 78 86 90 78 85
60 70 74 81 84 79 83 84 85
67 56 64 61 72 86 88 81 70
60 66 57 51 67 87 88 83 85
74 63 70 64 65 80 90 84 90
71 51 71 77 64 77 77 88 100
66 61 55 49 77 87 76 69 65
63 72 67 65 72 85 80 79 90
64 61 53 50 74 78 80 87 90
67 73 70 55 79 87 86 89 90
60 68 70 61 77 85 67 85 70
60 49 63 66 78 85 89 80 85
60 78 76 63 68 86 86 81 98
0 46 0 0 34 86 0 100 0
62 67 81 90 78 87 84 100 90
68 65 91 87 78 80 90 100 85
64 70 81 81 77 82 86 98 90
65 78 80 77 73 80 91 98 75
60 48 73 68 70 82 49 98 100
70 74 79 79 77 87 71 87 85
74 52 55 53 83 85 87 90 95
63 68 65 78 70 92 88 95 87
50 60 73 66 79 91 88 87 69
60 60 67 60 77 86 81 80 81
52 47 60 70 68 88 70 89 83
66 72 65 70 80 92 94 92 100
60 62 73 63 72 87 67 78 88
67 52 47 45 78 87 94 94 74
75 79 62 55 74 85 92 89 71
69 75 89 69 74 88 87 90 87
73 71 77 58 80 86 77 80 61
60 56 61 38 68 86 70 86 68
69 67 69 46 81 87 92 80 69
72 91 80 81 74 87 77 93 85
60 56 56 56 61 91 96 91 87
67 75 82 61 74 87 91 95 86
70 73 72 72 78 87 89 86 84
65 55 50 35 72 85 75 85 88
49 53 66 38 79 85 86 85 65
62 51 58 70 78 83 88 78 66
62 46 49 39 78 90 70 90 70
68 87 86 61 62 84 91 85 88
78 51 54 37 62 82 69 70 77
53 49 64 42 66 89 60 88 68
63 37 28 0 67 90 51 94 67
60 64 68 45 70 87 88 95 100
65 60 50 71 69 88 85 76 77
75 83 82 56 69 86 60 100 60
71 67 79 56 74 83 75 96 72
74 60 64 56 76 87 82 100 65
74 71 75 66 67 88 83 92 79
82 71 66 53 62 87 85 98 94
62 52 52 45 74 89 82 100 91
71 68 79 89 79 91 81 83 66
67 55 70 78 73 86 88 84 78
67 45 69 71 71 86 77 70 70
63 60 56 72 77 90 88 93 70
66 71 73 75 78 86 88 85 70
77 77 72 75 75 88 81 76 64
71 77 73 67 76 85 80 89 66
62 67 84 75 77 90 86 80 70
68 39 40 68 77 89 64 90 60
70 65 74 77 78 85 74 86 78
80 78 86 81 73 87 82 85 83
65 61 57 67 75 89 63 89 74
60 49 62 66 82 90 85 84 72
69 75 67 72 72 85 82 80 76
66 40 54 67 82 84 90 94 71
61 60 77 74 79 85 91 90 60
66 63 85 74 80 89 73 85 86
88 86 84 69 85 90 91 82 100
60 60 54 61 86 87 88 77 78
71 41 67 72 80 84 84 88 74
41 32 29 37 72 87 72 93 60
49 47 49 57 69 83 69 89 82
63 92 91 82 79 90 69 90 90
71 51 79 60 76 89 91 83 96
65 65 68 72 71 88 62 76 76
65 75 82 69 71 87 88 81 82
68 60 60 72 81 87 86 83 70
62 60 57 47 78 90 61 80 62
64 78 89 78 81 86 82 100 70
75 60 90 74 81 90 78 98 60
73 67 89 80 81 92 64 96 68
77 69 78 80 80 85 78 98 60
79 74 85 83 79 89 75 100 70
81 75 92 75 71 86 90 98 60
